image: rcac2023map.png
resolution: 0.01000
origin: [0.0, 0.0, 0.000000]
negate: 0
occupied_thresh: 0.65
free_thresh: 0.196

